2018-10-15 14:05:48 [DEBUG] LD_Reader.cpp(441): OpenSerialPort Success!
2018-10-15 14:05:48 [INFO] LD_Reader.cpp(523): 햢얉Ｋ15]
02 00 0A 01 01 31 34 30 35 34 38 39 39 03 05 
2018-10-15 14:05:51 [ERROR] LD_Reader.cpp(589): 웨얉엀퓝 쫩퉷STX씳퉘[5] [4]
2018-10-15 14:06:03 [DEBUG] LD_Reader.cpp(441): OpenSerialPort Success!
2018-10-15 14:06:03 [INFO] LD_Reader.cpp(523): 햢얉Ｋ15]
02 00 0A 01 01 31 34 30 36 30 33 39 39 03 09 
2018-10-15 14:06:05 [ERROR] LD_Reader.cpp(589): 웨얉엀퓝 쫩퉷STX씳퉘[5] [4]
2018-10-15 14:06:12 [DEBUG] LD_Reader.cpp(441): OpenSerialPort Success!
2018-10-15 14:06:12 [INFO] LD_Reader.cpp(523): 햢얉Ｋ15]
02 00 0A 01 01 31 34 30 36 31 32 39 39 03 09 
2018-10-15 14:06:15 [ERROR] LD_Reader.cpp(589): 웨얉엀퓝 쫩퉷STX씳퉘[5] [4]
2018-10-15 14:06:19 [DEBUG] LD_Reader.cpp(441): OpenSerialPort Success!
2018-10-15 14:06:19 [INFO] LD_Reader.cpp(523): 햢얉Ｋ15]
02 00 0A 01 01 31 34 30 36 31 39 39 39 03 02 
2018-10-15 14:06:21 [ERROR] LD_Reader.cpp(589): 웨얉엀퓝 쫩퉷STX씳퉘[5] [4]
2018-10-15 14:59:01 [DEBUG] LD_Reader.cpp(441): OpenSerialPort Success!
2018-10-15 14:59:01 [INFO] LD_Reader.cpp(523): 햢얉Ｋ15]
02 00 0A 01 01 31 34 35 39 30 31 39 39 03 01 
2018-10-15 14:59:04 [ERROR] LD_Reader.cpp(589): 웨얉엀퓝 쫩퉷STX씳퉘[5] [4]
2018-10-15 15:04:53 [DEBUG] LD_Reader.cpp(441): OpenSerialPort Success!
2018-10-15 15:04:53 [INFO] LD_Reader.cpp(523): 햢얉Ｋ15]
02 00 0A 01 01 31 35 30 34 35 33 39 39 03 0F 
2018-10-15 15:04:56 [ERROR] LD_Reader.cpp(589): 웨얉엀퓝 쫩퉷STX씳퉘[5] [4]
2018-10-15 16:03:36 [DEBUG] LD_Reader.cpp(441): OpenSerialPort Success!
2018-10-15 16:03:36 [INFO] LD_Reader.cpp(523): 햢얉Ｋ15]
02 00 0A 01 01 31 36 30 33 33 36 39 39 03 08 
2018-10-15 16:03:36 [INFO] LD_Reader.cpp(628): 웨얉Ｋ27]
02 00 16 02 01 31 36 30 33 33 36 06 1C 30 30 1C BD BB D2 D7 B3 C9 B9 A6 1C 03 6B 
2018-10-15 16:03:37 [INFO] LD_Reader.cpp(523): 햢얉Ｋ93]
02 00 58 03 01 31 36 30 33 33 36 30 31 1C 31 32 33 34 35 36 37 38 39 30 31 32 33 34 35 1C 30 30 30 31 30 30 30 32 1C B8 A3 BD A8 C1 AA B5 CF 1C 1C 30 30 30 30 30 30 30 30 30 30 30 32 1C 1C 1C 1C 1C 32 30 31 38 31 30 31 35 31 36 30 33 33 36 30 30 61 66 67 33 41 1C 1C 1C 1C 03 6A 
2018-10-15 16:03:48 [INFO] LD_Reader.cpp(628): 웨얉Ｋ775]
02 03 02 04 01 31 36 30 33 33 36 06 1C 30 30 1C BD BB D2 D7 B3 C9 B9 A6 1C 31 30 35 36 31 30 31 35 33 31 31 30 30 30 30 20 23 30 30 30 33 1C 30 30 30 30 30 38 31 35 1C BF A8 D6 D0 D0 C4 31 B2 E2 CA D4 1C 1C 30 31 30 35 1C 30 33 30 38 30 30 30 30 D5 D0 C9 CC D2 F8 D0 D0 1C 1C 36 32 31 34 20 38 33 2A 2A 20 2A 2A 2A 2A 20 38 30 34 32 20 28 43 29 1C 30 31 1C 30 31 1C 32 31 30 32 1C 30 30 30 32 36 34 1C 30 30 30 31 31 32 1C 32 30 31 38 31 30 31 35 31 36 30 33 34 39 1C 1C 38 32 38 38 31 36 38 37 31 39 38 34 1C 30 30 30 30 30 30 30 30 30 30 30 32 1C 1C 1C 30 30 30 30 30 30 30 30 30 30 30 32 1C 43 55 50 1C 30 37 35 33 39 44 33 42 30 31 33 43 30 46 32 42 1C 30 30 30 30 30 30 30 30 30 30 1C 1C 41 30 30 30 30 30 30 33 33 33 30 31 30 31 30 31 1C 30 30 36 32 1C 1C 1C 1C 1C 30 1C 30 1C BD F0 B6 EE 28 41 4D 4F 55 4E 54 29 3A 52 4D 42 20 30 2E 30 32 3B 54 43 3A 30 37 35 33 39 44 33 42 30 31 33 43 30 46 32 42 20 20 41 54 43 3A 30 30 36 32 3B 54 56 52 3A 30 30 30 30 30 30 30 30 30 30 20 53 4E 3A 30 30 30 20 54 53 49 3A 30 30 30 30 3B 41 49 44 3A 41 30 30 30 30 30 30 33 33 33 30 31 30 31 30 31 3B 41 50 50 20 4C 41 42 45 4C 3A 1C 20 1C 1C 1C 32 30 31 38 31 30 31 35 31 36 30 33 33 36 30 30 61 66 67 33 41 1C 32 30 31 38 31 30 31 35 1C 43 41 46 32 44 38 33 32 1C 37 43 30 30 1C 45 30 45 30 43 38 1C 30 37 30 31 30 31 30 33 41 30 30 30 30 30 30 31 30 44 30 37 30 31 30 30 30 30 30 30 30 30 30 30 38 30 42 30 41 32 34 33 38 38 33 38 1C 30 30 1C 30 32 30 30 30 30 1C 38 39 37 30 35 39 39 39 1C 30 30 30 30 30 36 30 31 31 38 30 37 30 31 1C 1C CF FB B7 D1 2F 53 41 4C 45 20 41 50 50 4C 45 20 50 41 59 1C 1C B4 CB BD F0 B6 EE CE B4 B3 AC B9 FD 31 30 30 30 2E 30 30 D4 AA 2C BF C9 D2 D4 C3 E2 C7 A9 0A 20 20 20 20 20 20 4E 4F 20 53 49 47 4E 41 54 55 52 45 20 52 45 51 55 49 52 45 44 0A 1C 30 30 30 30 1C 30 31 36 33 30 30 30 30 30 36 30 31 31 38 30 37 30 31 20 20 38 39 37 30 35 39 39 39 20 20 20 20 20 20 20 20 20 20 20 20 32 31 39 39 35 30 45 32 45 41 43 31 42 46 44 34 45 37 32 46 35 34 38 41 46 34 31 34 31 32 33 39 30 31 32 30 32 31 30 32 20 20 20 20 20 20 43 30 30 30 30 30 30 30 30 30 30 30 32 31 30 35 36 31 30 31 35 33 31 31 30 30 30 30 30 30 30 30 30 38 31 35 30 30 30 31 31 32 31 30 31 35 31 36 30 33 34 39 38 32 38 38 31 36 38 37 31 39 38 34 31 30 33 30 38 30 30 30 30 30 30 30 32 36 34 33 38 1C 1C 1C 1C 1C 1C 1C 1C 03 43 
2018-10-15 16:03:48 [INFO] LD_Reader.cpp(523): 햢얉Ｋ76]
02 00 47 03 01 31 36 30 33 33 36 36 31 1C 31 32 33 34 35 36 37 38 39 30 31 32 33 34 35 1C 30 30 30 31 30 30 30 32 1C B8 A3 BD A8 C1 AA B5 CF 1C 1C 1C 31 1C 32 30 31 38 31 30 31 35 31 36 30 33 33 36 30 30 61 66 67 33 41 1C 03 40 
2018-10-15 16:03:49 [INFO] LD_Reader.cpp(628): 웨얉Ｋ764]
02 02 F7 04 01 31 36 30 33 33 36 36 31 1C 31 30 35 36 31 30 31 35 33 31 31 30 30 30 30 20 23 30 30 30 33 1C 30 30 30 30 30 38 31 35 1C BF A8 D6 D0 D0 C4 31 B2 E2 CA D4 1C 1C 30 31 30 35 1C 30 33 30 38 30 30 30 30 D5 D0 C9 CC D2 F8 D0 D0 1C 1C 36 32 31 34 20 38 33 2A 2A 20 2A 2A 2A 2A 20 38 30 34 32 20 28 43 29 1C 30 31 1C 30 31 1C 32 31 30 32 1C 30 30 30 32 36 34 1C 30 30 30 31 31 32 1C 32 30 31 38 31 30 31 35 31 36 30 33 34 39 1C 1C 38 32 38 38 31 36 38 37 31 39 38 34 1C 30 30 30 30 30 30 30 30 30 30 30 32 1C 1C 1C 30 30 30 30 30 30 30 30 30 30 30 32 1C 43 55 50 1C 30 37 35 33 39 44 33 42 30 31 33 43 30 46 32 42 1C 30 30 30 30 30 30 30 30 30 30 1C 1C 41 30 30 30 30 30 30 33 33 33 30 31 30 31 30 31 1C 30 30 36 32 1C 1C 1C 1C 1C 30 1C 30 1C BD F0 B6 EE 28 41 4D 4F 55 4E 54 29 3A 52 4D 42 20 30 2E 30 32 3B 54 43 3A 30 37 35 33 39 44 33 42 30 31 33 43 30 46 32 42 20 20 41 54 43 3A 30 30 36 32 3B 54 56 52 3A 30 30 30 30 30 30 30 30 30 30 20 53 4E 3A 30 30 30 20 54 53 49 3A 30 30 30 30 3B 41 49 44 3A 41 30 30 30 30 30 30 33 33 33 30 31 30 31 30 31 3B 41 50 50 20 4C 41 42 45 4C 3A 1C 20 1C 1C 1C 32 30 31 38 31 30 31 35 31 36 30 33 33 36 30 30 61 66 67 33 41 1C 32 30 31 38 31 30 31 35 1C 43 41 46 32 44 38 33 32 1C 37 43 30 30 1C 45 30 45 30 43 38 1C 30 37 30 31 30 31 30 33 41 30 30 30 30 30 30 31 30 44 30 37 30 31 30 30 30 30 30 30 30 30 30 30 38 30 42 30 41 32 34 33 38 38 33 38 1C 30 30 1C 30 32 30 30 30 30 1C 38 39 37 30 35 39 39 39 1C 30 30 30 30 30 36 30 31 31 38 30 37 30 31 1C 1C CF FB B7 D1 2F 53 41 4C 45 20 41 50 50 4C 45 20 50 41 59 1C 1C B4 CB BD F0 B6 EE CE B4 B3 AC B9 FD 31 30 30 30 2E 30 30 D4 AA 2C BF C9 D2 D4 C3 E2 C7 A9 0A 20 20 20 20 20 20 4E 4F 20 53 49 47 4E 41 54 55 52 45 20 52 45 51 55 49 52 45 44 0A 1C 30 30 30 30 1C 30 31 36 33 30 30 30 30 30 36 30 31 31 38 30 37 30 31 20 20 38 39 37 30 35 39 39 39 20 20 20 20 20 20 20 20 20 20 20 20 32 31 39 39 35 30 45 32 45 41 43 31 42 46 44 34 45 37 32 46 35 34 38 41 46 34 31 34 31 32 33 39 30 31 32 30 32 31 30 32 20 20 20 20 20 20 43 30 30 30 30 30 30 30 30 30 30 30 32 31 30 35 36 31 30 31 35 33 31 31 30 30 30 30 30 30 30 30 30 38 31 35 30 30 30 31 31 32 31 30 31 35 31 36 30 33 34 39 38 32 38 38 31 36 38 37 31 39 38 34 31 30 33 30 38 30 30 30 30 30 30 30 32 36 34 33 38 1C 1C 1C 1C 1C 1C 1C 1C 03 D0 
2018-10-15 16:03:50 [INFO] LD_Reader.cpp(523): 햢얉Ｋ15]
02 00 0A 01 01 31 36 30 33 33 36 39 39 03 08 
2018-10-15 16:03:52 [ERROR] LD_Reader.cpp(589): 웨얉엀퓝 쫩퉷STX씳퉘[5] [4]
2018-10-15 16:04:44 [DEBUG] LD_Reader.cpp(441): OpenSerialPort Success!
2018-10-15 16:04:44 [INFO] LD_Reader.cpp(523): 햢얉Ｋ15]
02 00 0A 01 01 31 36 30 34 34 34 39 39 03 0A 
2018-10-15 16:04:44 [INFO] LD_Reader.cpp(628): 웨얉Ｋ27]
02 00 16 02 01 31 36 30 34 34 34 06 1C 30 30 1C BD BB D2 D7 B3 C9 B9 A6 1C 03 69 
2018-10-15 16:04:45 [INFO] LD_Reader.cpp(523): 햢얉Ｋ98]
02 00 5D 03 01 31 36 30 34 34 34 30 32 1C 31 32 33 34 35 36 37 38 39 30 31 32 33 34 35 1C 30 30 30 31 30 30 30 32 1C B8 A3 BD A8 C1 AA B5 CF 1C 1C 30 30 30 30 30 30 30 30 30 30 30 32 1C 30 30 30 31 31 32 1C 1C 1C 1C 1C 32 30 31 38 31 30 31 35 31 36 30 34 34 34 30 31 61 66 67 34 49 1C 1C 03 7C 
2018-10-15 16:05:08 [INFO] LD_Reader.cpp(628): 웨얉Ｋ821]
02 03 30 04 01 31 36 30 34 34 34 06 1C 30 30 1C BD BB D2 D7 B3 C9 B9 A6 1C 31 30 35 36 31 30 31 35 33 31 31 30 30 30 30 20 23 30 30 30 33 1C 30 30 30 30 30 38 31 35 1C BF A8 D6 D0 D0 C4 31 B2 E2 CA D4 1C 1C 30 31 30 35 1C 30 33 30 38 30 30 30 30 D5 D0 C9 CC D2 F8 D0 D0 1C 1C 36 32 31 34 20 38 33 2A 2A 20 2A 2A 2A 2A 20 38 30 34 32 20 28 43 29 1C 30 31 1C 30 32 1C 32 31 30 32 1C 30 30 30 32 36 34 1C 30 30 30 31 31 33 1C 32 30 31 38 31 30 31 35 31 36 30 35 30 33 1C 1C 38 32 38 38 31 36 38 37 31 31 36 36 1C 30 30 30 30 30 30 30 30 30 30 30 32 1C 1C 1C 30 30 30 30 30 30 30 30 30 30 30 32 1C 43 55 50 1C 1C 1C 1C 41 30 30 30 30 30 30 33 33 33 30 31 30 31 30 31 1C 1C 1C 1C 1C 1C 30 1C 30 1C BD F0 B6 EE 28 41 4D 4F 55 4E 54 29 3A 52 4D 42 20 30 2E 30 32 3B D4 AD C6 BE D6 A4 BA C5 28 4F 52 47 20 56 4F 55 43 48 45 52 29 3A 30 30 30 31 31 32 1C 20 1C 1C 1C 32 30 31 38 31 30 31 35 31 36 30 34 34 34 30 31 61 66 67 34 49 1C 32 30 31 38 31 30 31 35 1C 1C 1C 1C 30 37 30 31 30 31 30 33 41 30 30 30 30 30 30 31 30 44 30 37 30 31 30 30 30 30 30 30 30 30 30 30 38 30 42 30 41 32 34 33 38 38 33 38 1C 1C 1C 38 39 37 30 35 39 39 39 1C 30 30 30 30 30 36 30 31 31 38 30 37 30 31 1C 1C CF FB B7 D1 B3 B7 CF FA 2F 56 4F 49 44 20 41 50 50 4C 45 20 50 41 59 1C 1C 1C 30 32 32 31 00 00 01 00 00 00 00 F0 00 00 00 50 00 00 00 07 08 00 03 1C FF 02 D3 7E 57 60 FF 02 AC 01 B5 79 9D 60 E5 FF 00 F1 C5 40 C8 57 90 83 60 FF 02 21 DF A8 71 E6 9F D9 98 EF F7 02 51 A4 CE 50 F0 28 B8 60 5A 07 EA E8 30 FF 02 03 F7 A0 2C CE 4E 1B C5 C0 A4 5F 2B 04 4A 37 37 13 4E 41 58 52 7E EA 29 B2 A2 1A 17 06 86 DC D4 CC A8 42 F6 10 12 80 FF 02 4D DD AE 3B 97 F7 9C 6E 64 A5 B5 6B 1B BB 0E CC 84 72 5B 68 16 41 90 BC C1 6A EC 61 39 79 6B 46 5C 49 74 EF 22 72 4F 80 FF 02 31 49 36 FC CE 89 4A CF 86 95 D5 B3 FB 1D 5C 58 D6 5E 07 6F CD D4 53 0A 10 76 C3 6B D2 63 95 BA FB 50 FF 02 EB 2D DD 4E FF 02 82 ED 1F FF 02 EC 44 C1 C5 FF 02 50 FF 02 FF 00 33 4C D5 59 7A FF 02 1C 30 31 36 33 30 30 30 30 30 36 30 31 31 38 30 37 30 31 20 20 38 39 37 30 35 39 39 39 20 20 20 20 20 20 20 20 20 20 20 20 32 31 39 39 35 30 45 32 45 41 43 31 42 46 44 34 45 37 32 46 35 34 38 41 46 34 31 34 31 32 33 39 30 32 32 30 32 31 30 32 20 20 20 20 20 20 44 30 30 30 30 30 30 30 30 30 30 30 32 31 30 35 36 31 30 31 35 33 31 31 30 30 30 30 30 30 30 30 30 38 31 35 30 30 30 31 31 33 31 30 31 35 31 36 30 35 30 33 38 32 38 38 31 36 38 37 31 31 36 36 31 30 33 30 38 30 30 30 30 30 30 30 32 36 34 33 31 1C 1C 1C 1C 1C 1C 1C 1C 03 44 
2018-10-15 16:05:08 [INFO] LD_Reader.cpp(523): 햢얉Ｋ76]
02 00 47 03 01 31 36 30 34 34 34 36 31 1C 31 32 33 34 35 36 37 38 39 30 31 32 33 34 35 1C 30 30 30 31 30 30 30 32 1C B8 A3 BD A8 C1 AA B5 CF 1C 1C 1C 31 1C 32 30 31 38 31 30 31 35 31 36 30 34 34 34 30 31 61 66 67 34 49 1C 03 4E 
2018-10-15 16:05:09 [INFO] LD_Reader.cpp(628): 웨얉Ｋ810]
02 03 25 04 01 31 36 30 34 34 34 36 31 1C 31 30 35 36 31 30 31 35 33 31 31 30 30 30 30 20 23 30 30 30 33 1C 30 30 30 30 30 38 31 35 1C BF A8 D6 D0 D0 C4 31 B2 E2 CA D4 1C 1C 30 31 30 35 1C 30 33 30 38 30 30 30 30 D5 D0 C9 CC D2 F8 D0 D0 1C 1C 36 32 31 34 20 38 33 2A 2A 20 2A 2A 2A 2A 20 38 30 34 32 20 28 43 29 1C 30 31 1C 30 32 1C 32 31 30 32 1C 30 30 30 32 36 34 1C 30 30 30 31 31 33 1C 32 30 31 38 31 30 31 35 31 36 30 35 30 33 1C 1C 38 32 38 38 31 36 38 37 31 31 36 36 1C 30 30 30 30 30 30 30 30 30 30 30 32 1C 1C 1C 30 30 30 30 30 30 30 30 30 30 30 32 1C 43 55 50 1C 1C 1C 1C 41 30 30 30 30 30 30 33 33 33 30 31 30 31 30 31 1C 1C 1C 1C 1C 1C 30 1C 30 1C BD F0 B6 EE 28 41 4D 4F 55 4E 54 29 3A 52 4D 42 20 30 2E 30 32 3B D4 AD C6 BE D6 A4 BA C5 28 4F 52 47 20 56 4F 55 43 48 45 52 29 3A 30 30 30 31 31 32 1C 20 1C 1C 1C 32 30 31 38 31 30 31 35 31 36 30 34 34 34 30 31 61 66 67 34 49 1C 32 30 31 38 31 30 31 35 1C 1C 1C 1C 30 37 30 31 30 31 30 33 41 30 30 30 30 30 30 31 30 44 30 37 30 31 30 30 30 30 30 30 30 30 30 30 38 30 42 30 41 32 34 33 38 38 33 38 1C 1C 1C 38 39 37 30 35 39 39 39 1C 30 30 30 30 30 36 30 31 31 38 30 37 30 31 1C 1C CF FB B7 D1 B3 B7 CF FA 2F 56 4F 49 44 20 41 50 50 4C 45 20 50 41 59 1C 1C 1C 30 32 32 31 00 00 01 00 00 00 00 F0 00 00 00 50 00 00 00 07 08 00 03 1C FF 02 D3 7E 57 60 FF 02 AC 01 B5 79 9D 60 E5 FF 00 F1 C5 40 C8 57 90 83 60 FF 02 21 DF A8 71 E6 9F D9 98 EF F7 02 51 A4 CE 50 F0 28 B8 60 5A 07 EA E8 30 FF 02 03 F7 A0 2C CE 4E 1B C5 C0 A4 5F 2B 04 4A 37 37 13 4E 41 58 52 7E EA 29 B2 A2 1A 17 06 86 DC D4 CC A8 42 F6 10 12 80 FF 02 4D DD AE 3B 97 F7 9C 6E 64 A5 B5 6B 1B BB 0E CC 84 72 5B 68 16 41 90 BC C1 6A EC 61 39 79 6B 46 5C 49 74 EF 22 72 4F 80 FF 02 31 49 36 FC CE 89 4A CF 86 95 D5 B3 FB 1D 5C 58 D6 5E 07 6F CD D4 53 0A 10 76 C3 6B D2 63 95 BA FB 50 FF 02 EB 2D DD 4E FF 02 82 ED 1F FF 02 EC 44 C1 C5 FF 02 50 FF 02 FF 00 33 4C D5 59 7A FF 02 1C 30 31 36 33 30 30 30 30 30 36 30 31 31 38 30 37 30 31 20 20 38 39 37 30 35 39 39 39 20 20 20 20 20 20 20 20 20 20 20 20 32 31 39 39 35 30 45 32 45 41 43 31 42 46 44 34 45 37 32 46 35 34 38 41 46 34 31 34 31 32 33 39 30 32 32 30 32 31 30 32 20 20 20 20 20 20 44 30 30 30 30 30 30 30 30 30 30 30 32 31 30 35 36 31 30 31 35 33 31 31 30 30 30 30 30 30 30 30 30 38 31 35 30 30 30 31 31 33 31 30 31 35 31 36 30 35 30 33 38 32 38 38 31 36 38 37 31 31 36 36 31 30 33 30 38 30 30 30 30 30 30 30 32 36 34 33 31 1C 1C 1C 1C 1C 1C 1C 1C 03 36 
2018-10-15 16:05:10 [INFO] LD_Reader.cpp(523): 햢얉Ｋ15]
02 00 0A 01 01 31 36 30 34 34 34 39 39 03 0A 
2018-10-15 16:05:12 [ERROR] LD_Reader.cpp(589): 웨얉엀퓝 쫩퉷STX씳퉘[5] [4]
2018-10-15 16:08:04 [DEBUG] LD_Reader.cpp(441): OpenSerialPort Success!
2018-10-15 16:08:04 [INFO] LD_Reader.cpp(523): 햢얉Ｋ15]
02 00 0A 01 01 31 36 30 38 30 34 39 39 03 02 
2018-10-15 16:08:04 [INFO] LD_Reader.cpp(628): 웨얉Ｋ27]
02 00 16 02 01 31 36 30 38 30 34 06 1C 30 30 1C BD BB D2 D7 B3 C9 B9 A6 1C 03 61 
2018-10-15 16:08:04 [INFO] LD_Reader.cpp(523): 햢얉Ｋ93]
02 00 58 03 01 31 36 30 38 30 34 30 31 1C 31 32 33 34 35 36 37 38 39 30 31 32 33 34 35 1C 30 30 30 31 30 30 30 32 1C B8 A3 BD A8 C1 AA B5 CF 1C 1C 30 30 30 30 30 30 30 30 30 30 30 31 1C 1C 1C 1C 1C 32 30 31 38 31 30 31 35 31 36 30 38 30 34 30 32 61 66 67 38 34 1C 1C 1C 1C 03 15 
2018-10-15 16:08:32 [INFO] LD_Reader.cpp(628): 웨얉Ｋ775]
02 03 02 04 01 31 36 30 38 30 34 06 1C 30 30 1C BD BB D2 D7 B3 C9 B9 A6 1C 31 30 35 36 31 30 31 35 33 31 31 30 30 30 30 20 23 30 30 30 33 1C 30 30 30 30 30 38 31 35 1C BF A8 D6 D0 D0 C4 31 B2 E2 CA D4 1C 1C 30 31 30 35 1C 30 33 30 38 30 30 30 30 D5 D0 C9 CC D2 F8 D0 D0 1C 1C 36 32 31 34 20 38 33 2A 2A 20 2A 2A 2A 2A 20 38 30 34 32 20 28 43 29 1C 30 31 1C 30 31 1C 32 31 30 32 1C 30 30 30 32 36 34 1C 30 30 30 31 31 34 1C 32 30 31 38 31 30 31 35 31 36 30 38 33 33 1C 1C 38 32 38 38 31 36 38 37 33 30 32 36 1C 30 30 30 30 30 30 30 30 30 30 30 31 1C 1C 1C 30 30 30 30 30 30 30 30 30 30 30 31 1C 43 55 50 1C 45 46 31 42 41 41 37 31 31 44 43 30 43 41 31 41 1C 30 30 30 30 30 30 30 30 30 30 1C 1C 41 30 30 30 30 30 30 33 33 33 30 31 30 31 30 31 1C 30 30 36 35 1C 1C 1C 1C 1C 30 1C 30 1C BD F0 B6 EE 28 41 4D 4F 55 4E 54 29 3A 52 4D 42 20 30 2E 30 31 3B 54 43 3A 45 46 31 42 41 41 37 31 31 44 43 30 43 41 31 41 20 20 41 54 43 3A 30 30 36 35 3B 54 56 52 3A 30 30 30 30 30 30 30 30 30 30 20 53 4E 3A 30 30 30 20 54 53 49 3A 30 30 30 30 3B 41 49 44 3A 41 30 30 30 30 30 30 33 33 33 30 31 30 31 30 31 3B 41 50 50 20 4C 41 42 45 4C 3A 1C 20 1C 1C 1C 32 30 31 38 31 30 31 35 31 36 30 38 30 34 30 32 61 66 67 38 34 1C 32 30 31 38 31 30 31 35 1C 42 45 32 41 41 33 38 31 1C 37 43 30 30 1C 45 30 45 30 43 38 1C 30 37 30 31 30 31 30 33 41 30 30 30 30 30 30 31 30 44 30 37 30 31 30 30 30 30 30 30 30 30 30 30 38 30 42 30 31 45 34 39 42 36 30 38 1C 30 30 1C 30 32 30 30 30 30 1C 38 39 37 30 35 39 39 39 1C 30 30 30 30 30 36 30 31 31 38 30 37 30 31 1C 1C CF FB B7 D1 2F 53 41 4C 45 20 41 50 50 4C 45 20 50 41 59 1C 1C B4 CB BD F0 B6 EE CE B4 B3 AC B9 FD 31 30 30 30 2E 30 30 D4 AA 2C BF C9 D2 D4 C3 E2 C7 A9 0A 20 20 20 20 20 20 4E 4F 20 53 49 47 4E 41 54 55 52 45 20 52 45 51 55 49 52 45 44 0A 1C 30 30 30 30 1C 30 31 36 33 30 30 30 30 30 36 30 31 31 38 30 37 30 31 20 20 38 39 37 30 35 39 39 39 20 20 20 20 20 20 20 20 20 20 20 20 32 31 39 39 35 30 45 32 45 41 43 31 42 46 44 34 45 37 32 46 35 34 38 41 46 34 31 34 31 32 33 39 30 31 32 30 32 31 30 32 20 20 20 20 20 20 43 30 30 30 30 30 30 30 30 30 30 30 31 31 30 35 36 31 30 31 35 33 31 31 30 30 30 30 30 30 30 30 30 38 31 35 30 30 30 31 31 34 31 30 31 35 31 36 30 38 33 33 38 32 38 38 31 36 38 37 33 30 32 36 31 30 33 30 38 30 30 30 30 30 30 30 32 36 34 33 38 1C 1C 1C 1C 1C 1C 1C 1C 03 41 
2018-10-15 16:08:33 [INFO] LD_Reader.cpp(523): 햢얉Ｋ76]
02 00 47 03 01 31 36 30 38 30 34 36 31 1C 31 32 33 34 35 36 37 38 39 30 31 32 33 34 35 1C 30 30 30 31 30 30 30 32 1C B8 A3 BD A8 C1 AA B5 CF 1C 1C 1C 31 1C 32 30 31 38 31 30 31 35 31 36 30 38 30 34 30 32 61 66 67 38 34 1C 03 3C 
2018-10-15 16:08:34 [INFO] LD_Reader.cpp(628): 웨얉Ｋ764]
02 02 F7 04 01 31 36 30 38 30 34 36 31 1C 31 30 35 36 31 30 31 35 33 31 31 30 30 30 30 20 23 30 30 30 33 1C 30 30 30 30 30 38 31 35 1C BF A8 D6 D0 D0 C4 31 B2 E2 CA D4 1C 1C 30 31 30 35 1C 30 33 30 38 30 30 30 30 D5 D0 C9 CC D2 F8 D0 D0 1C 1C 36 32 31 34 20 38 33 2A 2A 20 2A 2A 2A 2A 20 38 30 34 32 20 28 43 29 1C 30 31 1C 30 31 1C 32 31 30 32 1C 30 30 30 32 36 34 1C 30 30 30 31 31 34 1C 32 30 31 38 31 30 31 35 31 36 30 38 33 33 1C 1C 38 32 38 38 31 36 38 37 33 30 32 36 1C 30 30 30 30 30 30 30 30 30 30 30 31 1C 1C 1C 30 30 30 30 30 30 30 30 30 30 30 31 1C 43 55 50 1C 45 46 31 42 41 41 37 31 31 44 43 30 43 41 31 41 1C 30 30 30 30 30 30 30 30 30 30 1C 1C 41 30 30 30 30 30 30 33 33 33 30 31 30 31 30 31 1C 30 30 36 35 1C 1C 1C 1C 1C 30 1C 30 1C BD F0 B6 EE 28 41 4D 4F 55 4E 54 29 3A 52 4D 42 20 30 2E 30 31 3B 54 43 3A 45 46 31 42 41 41 37 31 31 44 43 30 43 41 31 41 20 20 41 54 43 3A 30 30 36 35 3B 54 56 52 3A 30 30 30 30 30 30 30 30 30 30 20 53 4E 3A 30 30 30 20 54 53 49 3A 30 30 30 30 3B 41 49 44 3A 41 30 30 30 30 30 30 33 33 33 30 31 30 31 30 31 3B 41 50 50 20 4C 41 42 45 4C 3A 1C 20 1C 1C 1C 32 30 31 38 31 30 31 35 31 36 30 38 30 34 30 32 61 66 67 38 34 1C 32 30 31 38 31 30 31 35 1C 42 45 32 41 41 33 38 31 1C 37 43 30 30 1C 45 30 45 30 43 38 1C 30 37 30 31 30 31 30 33 41 30 30 30 30 30 30 31 30 44 30 37 30 31 30 30 30 30 30 30 30 30 30 30 38 30 42 30 31 45 34 39 42 36 30 38 1C 30 30 1C 30 32 30 30 30 30 1C 38 39 37 30 35 39 39 39 1C 30 30 30 30 30 36 30 31 31 38 30 37 30 31 1C 1C CF FB B7 D1 2F 53 41 4C 45 20 41 50 50 4C 45 20 50 41 59 1C 1C B4 CB BD F0 B6 EE CE B4 B3 AC B9 FD 31 30 30 30 2E 30 30 D4 AA 2C BF C9 D2 D4 C3 E2 C7 A9 0A 20 20 20 20 20 20 4E 4F 20 53 49 47 4E 41 54 55 52 45 20 52 45 51 55 49 52 45 44 0A 1C 30 30 30 30 1C 30 31 36 33 30 30 30 30 30 36 30 31 31 38 30 37 30 31 20 20 38 39 37 30 35 39 39 39 20 20 20 20 20 20 20 20 20 20 20 20 32 31 39 39 35 30 45 32 45 41 43 31 42 46 44 34 45 37 32 46 35 34 38 41 46 34 31 34 31 32 33 39 30 31 32 30 32 31 30 32 20 20 20 20 20 20 43 30 30 30 30 30 30 30 30 30 30 30 31 31 30 35 36 31 30 31 35 33 31 31 30 30 30 30 30 30 30 30 30 38 31 35 30 30 30 31 31 34 31 30 31 35 31 36 30 38 33 33 38 32 38 38 31 36 38 37 33 30 32 36 31 30 33 30 38 30 30 30 30 30 30 30 32 36 34 33 38 1C 1C 1C 1C 1C 1C 1C 1C 03 D2 
2018-10-15 16:08:34 [INFO] LD_Reader.cpp(523): 햢얉Ｋ15]
02 00 0A 01 01 31 36 30 38 30 34 39 39 03 02 
2018-10-15 16:08:36 [ERROR] LD_Reader.cpp(589): 웨얉엀퓝 쫩퉷STX씳퉘[5] [4]
2018-10-15 16:09:26 [DEBUG] LD_Reader.cpp(441): OpenSerialPort Success!
2018-10-15 16:09:26 [INFO] LD_Reader.cpp(523): 햢얉Ｋ15]
02 00 0A 01 01 31 36 30 39 32 36 39 39 03 03 
2018-10-15 16:09:26 [INFO] LD_Reader.cpp(628): 웨얉Ｋ27]
02 00 16 02 01 31 36 30 39 32 36 06 1C 30 30 1C BD BB D2 D7 B3 C9 B9 A6 1C 03 60 
2018-10-15 16:09:26 [INFO] LD_Reader.cpp(523): 햢얉Ｋ98]
02 00 5D 03 01 31 36 30 39 32 36 30 32 1C 31 32 33 34 35 36 37 38 39 30 31 32 33 34 35 1C 30 30 30 31 30 30 30 32 1C B8 A3 BD A8 C1 AA B5 CF 1C 1C 30 30 30 30 30 30 30 30 30 30 30 31 1C 30 30 30 31 31 34 1C 1C 1C 1C 1C 32 30 31 38 31 30 31 35 31 36 30 39 32 36 30 33 61 66 67 39 71 1C 1C 03 4E 
2018-10-15 16:09:42 [INFO] LD_Reader.cpp(628): 웨얉Ｋ807]
02 03 22 04 01 31 36 30 39 32 36 06 1C 30 30 1C BD BB D2 D7 B3 C9 B9 A6 1C 31 30 35 36 31 30 31 35 33 31 31 30 30 30 30 20 23 30 30 30 33 1C 30 30 30 30 30 38 31 35 1C BF A8 D6 D0 D0 C4 31 B2 E2 CA D4 1C 1C 30 31 30 35 1C 30 33 30 38 30 30 30 30 D5 D0 C9 CC D2 F8 D0 D0 1C 1C 36 32 31 34 20 38 33 2A 2A 20 2A 2A 2A 2A 20 38 30 34 32 20 28 43 29 1C 30 31 1C 30 32 1C 32 31 30 32 1C 30 30 30 32 36 34 1C 30 30 30 31 31 35 1C 32 30 31 38 31 30 31 35 31 36 30 39 33 37 1C 1C 38 32 38 38 31 36 38 37 33 30 35 34 1C 30 30 30 30 30 30 30 30 30 30 30 31 1C 1C 1C 30 30 30 30 30 30 30 30 30 30 30 31 1C 43 55 50 1C 1C 1C 1C 41 30 30 30 30 30 30 33 33 33 30 31 30 31 30 31 1C 1C 1C 1C 1C 1C 30 1C 30 1C BD F0 B6 EE 28 41 4D 4F 55 4E 54 29 3A 52 4D 42 20 30 2E 30 31 3B D4 AD C6 BE D6 A4 BA C5 28 4F 52 47 20 56 4F 55 43 48 45 52 29 3A 30 30 30 31 31 34 1C 20 1C 1C 1C 32 30 31 38 31 30 31 35 31 36 30 39 32 36 30 33 61 66 67 39 71 1C 32 30 31 38 31 30 31 35 1C 1C 1C 1C 30 37 30 31 30 31 30 33 41 30 30 30 30 30 30 31 30 44 30 37 30 31 30 30 30 30 30 30 30 30 30 30 38 30 42 30 31 45 34 39 42 36 30 38 1C 1C 1C 38 39 37 30 35 39 39 39 1C 30 30 30 30 30 36 30 31 31 38 30 37 30 31 1C 1C CF FB B7 D1 B3 B7 CF FA 2F 56 4F 49 44 20 41 50 50 4C 45 20 50 41 59 1C 1C 1C 30 32 30 37 00 00 01 00 00 00 00 F0 00 00 00 50 00 00 00 07 08 00 03 1C FF 02 FF 02 F5 5F E8 3D 95 56 45 6B 94 C5 81 53 E2 9E F0 7F 24 0A 83 28 40 FF 02 62 A9 71 5C 49 07 F3 44 72 6A 09 DF D8 FF 02 2D 45 19 82 5C 2D FC EA BD 27 35 35 6A 47 E3 F2 3A 5B 7E 6D AE 31 3C 99 22 C0 C8 99 C9 1E D5 F8 DF 6E 8B 69 D6 C5 BE 9D C8 FF 02 8C 3C F2 B6 60 CD 35 FE BA 83 BE 89 1E 7E B7 95 45 D1 F5 DF 20 51 67 9D 08 62 65 8E AE FA 74 6E 5B E1 1E 07 67 0D 33 FF 02 6B 3A 71 F9 A4 AD 50 83 79 9A D3 8B 46 44 ED BB 86 83 14 AF 47 D4 0C 0B 63 82 73 2B C6 CE 80 14 EC 68 38 38 09 B6 14 1A 7C E0 FF 02 AF EC BA 73 21 BB FF 02 F0 FF 02 FF 02 FF 02 FF 02 1C 30 31 36 33 30 30 30 30 30 36 30 31 31 38 30 37 30 31 20 20 38 39 37 30 35 39 39 39 20 20 20 20 20 20 20 20 20 20 20 20 32 31 39 39 35 30 45 32 45 41 43 31 42 46 44 34 45 37 32 46 35 34 38 41 46 34 31 34 31 32 33 39 30 32 32 30 32 31 30 32 20 20 20 20 20 20 44 30 30 30 30 30 30 30 30 30 30 30 31 31 30 35 36 31 30 31 35 33 31 31 30 30 30 30 30 30 30 30 30 38 31 35 30 30 30 31 31 35 31 30 31 35 31 36 30 39 33 37 38 32 38 38 31 36 38 37 33 30 35 34 31 30 33 30 38 30 30 30 30 30 30 30 32 36 34 33 44 1C 1C 1C 1C 1C 1C 1C 1C 03 22 
2018-10-15 16:09:42 [INFO] LD_Reader.cpp(523): 햢얉Ｋ76]
02 00 47 03 01 31 36 30 39 32 36 36 31 1C 31 32 33 34 35 36 37 38 39 30 31 32 33 34 35 1C 30 30 30 31 30 30 30 32 1C B8 A3 BD A8 C1 AA B5 CF 1C 1C 1C 31 1C 32 30 31 38 31 30 31 35 31 36 30 39 32 36 30 33 61 66 67 39 71 1C 03 79 
2018-10-15 16:09:43 [INFO] LD_Reader.cpp(628): 웨얉Ｋ796]
02 03 17 04 01 31 36 30 39 32 36 36 31 1C 31 30 35 36 31 30 31 35 33 31 31 30 30 30 30 20 23 30 30 30 33 1C 30 30 30 30 30 38 31 35 1C BF A8 D6 D0 D0 C4 31 B2 E2 CA D4 1C 1C 30 31 30 35 1C 30 33 30 38 30 30 30 30 D5 D0 C9 CC D2 F8 D0 D0 1C 1C 36 32 31 34 20 38 33 2A 2A 20 2A 2A 2A 2A 20 38 30 34 32 20 28 43 29 1C 30 31 1C 30 32 1C 32 31 30 32 1C 30 30 30 32 36 34 1C 30 30 30 31 31 35 1C 32 30 31 38 31 30 31 35 31 36 30 39 33 37 1C 1C 38 32 38 38 31 36 38 37 33 30 35 34 1C 30 30 30 30 30 30 30 30 30 30 30 31 1C 1C 1C 30 30 30 30 30 30 30 30 30 30 30 31 1C 43 55 50 1C 1C 1C 1C 41 30 30 30 30 30 30 33 33 33 30 31 30 31 30 31 1C 1C 1C 1C 1C 1C 30 1C 30 1C BD F0 B6 EE 28 41 4D 4F 55 4E 54 29 3A 52 4D 42 20 30 2E 30 31 3B D4 AD C6 BE D6 A4 BA C5 28 4F 52 47 20 56 4F 55 43 48 45 52 29 3A 30 30 30 31 31 34 1C 20 1C 1C 1C 32 30 31 38 31 30 31 35 31 36 30 39 32 36 30 33 61 66 67 39 71 1C 32 30 31 38 31 30 31 35 1C 1C 1C 1C 30 37 30 31 30 31 30 33 41 30 30 30 30 30 30 31 30 44 30 37 30 31 30 30 30 30 30 30 30 30 30 30 38 30 42 30 31 45 34 39 42 36 30 38 1C 1C 1C 38 39 37 30 35 39 39 39 1C 30 30 30 30 30 36 30 31 31 38 30 37 30 31 1C 1C CF FB B7 D1 B3 B7 CF FA 2F 56 4F 49 44 20 41 50 50 4C 45 20 50 41 59 1C 1C 1C 30 32 30 37 00 00 01 00 00 00 00 F0 00 00 00 50 00 00 00 07 08 00 03 1C FF 02 FF 02 F5 5F E8 3D 95 56 45 6B 94 C5 81 53 E2 9E F0 7F 24 0A 83 28 40 FF 02 62 A9 71 5C 49 07 F3 44 72 6A 09 DF D8 FF 02 2D 45 19 82 5C 2D FC EA BD 27 35 35 6A 47 E3 F2 3A 5B 7E 6D AE 31 3C 99 22 C0 C8 99 C9 1E D5 F8 DF 6E 8B 69 D6 C5 BE 9D C8 FF 02 8C 3C F2 B6 60 CD 35 FE BA 83 BE 89 1E 7E B7 95 45 D1 F5 DF 20 51 67 9D 08 62 65 8E AE FA 74 6E 5B E1 1E 07 67 0D 33 FF 02 6B 3A 71 F9 A4 AD 50 83 79 9A D3 8B 46 44 ED BB 86 83 14 AF 47 D4 0C 0B 63 82 73 2B C6 CE 80 14 EC 68 38 38 09 B6 14 1A 7C E0 FF 02 AF EC BA 73 21 BB FF 02 F0 FF 02 FF 02 FF 02 FF 02 1C 30 31 36 33 30 30 30 30 30 36 30 31 31 38 30 37 30 31 20 20 38 39 37 30 35 39 39 39 20 20 20 20 20 20 20 20 20 20 20 20 32 31 39 39 35 30 45 32 45 41 43 31 42 46 44 34 45 37 32 46 35 34 38 41 46 34 31 34 31 32 33 39 30 32 32 30 32 31 30 32 20 20 20 20 20 20 44 30 30 30 30 30 30 30 30 30 30 30 31 31 30 35 36 31 30 31 35 33 31 31 30 30 30 30 30 30 30 30 30 38 31 35 30 30 30 31 31 35 31 30 31 35 31 36 30 39 33 37 38 32 38 38 31 36 38 37 33 30 35 34 31 30 33 30 38 30 30 30 30 30 30 30 32 36 34 33 44 1C 1C 1C 1C 1C 1C 1C 1C 03 70 
2018-10-15 16:09:44 [INFO] LD_Reader.cpp(523): 햢얉Ｋ15]
02 00 0A 01 01 31 36 30 39 32 36 39 39 03 03 
2018-10-15 16:09:46 [ERROR] LD_Reader.cpp(589): 웨얉엀퓝 쫩퉷STX씳퉘[5] [4]
